------------------------------
0 101903191 95
1 101908114 92
1 101917207 90
1 101917187 89
1 101917204 88
1 101917056 75
0 101917200 67
0 101903121 65
0 101903054 56
0 101903044 54
1 101903077 52
------------------------------
0 101903191 95
1 101908114 92
0 101917207 90
0 101917187 89
1 101917204 88
1 101917056 75
0 101917200 67
1 101903121 65
1 101903054 56
0 101903044 54
1 101903077 52
------------------------------
1 101903191 95
1 101908114 92
1 101917207 90
1 101917187 89
1 101917204 88
1 101917056 75
0 101917200 67
0 101903121 65
0 101903054 56
0 101903044 54
0 101903077 52
------------------------------
1 101903191 95
1 101908114 92
1 101917207 90
1 101917187 89
0 101917204 88
0 101907023 85
0 101903100 82
1 101917056 75
1 101917200 67
1 101903223 65
0 101903121 65
0 101903054 56
0 101903044 54
0 101903077 52
------------------------------
1 101903191 95
1 101908114 92
0 101917207 90
1 101917187 89
0 101917204 88
0 101907023 85
1 101903100 82
0 101917056 75
0 101917200 67
0 101903121 65
0 101903223 65
0 101903054 56
0 101903044 54
0 101903077 52
------------------------------
1 101903191 95
1 101908114 92
1 101917207 90
1 101917187 89
1 101917204 88
0 101907023 85
0 101903100 82
1 101917056 75
1 101917200 67
0 101903121 65
0 101903223 65
0 101903054 56
0 101903077 52
------------------------------
1 101903191 95
1 101908114 92
1 101917207 90
1 101917187 89
1 101917204 88
1 101907023 85
1 101903100 82
0 101917056 75
1 101917200 67
1 101903121 65
0 101903223 65
1 101903054 56
0 101903077 52
